[gd_scene load_steps=6 format=3 uid="uid://dgjbta8ob5475"]

[ext_resource type="PackedScene" uid="uid://bhc0lkedsidog" path="res://Actors/Turrets/Default/Turret.glb" id="1_ttjbn"]
[ext_resource type="Material" uid="uid://c1tevbx05cr88" path="res://Materials/Glass.tres" id="3_gw7ab"]
[ext_resource type="Material" uid="uid://beyfcewnau7h7" path="res://Materials/Metals/turret.tres" id="4_qrkvl"]
[ext_resource type="Material" uid="uid://bb5hwfky6hw6d" path="res://Materials/Metals/Tarnished.tres" id="5_3f2od"]
[ext_resource type="Material" uid="uid://doiulxhq6dtxo" path="res://Materials/Black.tres" id="8_373w0"]

[node name="Turret" instance=ExtResource("1_ttjbn")]
transform = Transform3D(0.35, 0, 0, 0, 0.35, 0, 0, 0, 0.35, 0, -1.61313, 0)

[node name="Cylinder_002" parent="." index="0"]
transform = Transform3D(0.999677, 0.0253928, 0, -0.0253928, 0.999677, 0, 0, 0, 1, -1.03567, 2.70771, -0.00130103)
mesh = null

[node name="BézierCurve" parent="Cylinder_002" index="0"]
transform = Transform3D(1.29976, 0.185947, 0, -0.163483, 1.47835, 0, 0, 0, 2.41, -2.67174, 3.20888, -0.107303)
surface_material_override/0 = ExtResource("8_373w0")

[node name="BézierCurve_001" parent="Cylinder_002" index="1"]
transform = Transform3D(1, 0, 0, 0, 1, 0, 0, 0, 1, -2.80211, 3.2887, 0.155593)
surface_material_override/0 = ExtResource("5_3f2od")

[node name="Cube" parent="Cylinder_002" index="2"]
transform = Transform3D(0.962708, 0.256091, -0.0872357, -0.254965, 0.966652, 0.0239975, 0.090472, -0.000860508, 0.995899, 0.360688, 2.53684, 0.052691)
surface_material_override/0 = ExtResource("4_qrkvl")

[node name="Cube_001" parent="Cylinder_002" index="3"]
transform = Transform3D(0.987646, 0.140783, -0.0688114, -0.141237, 0.989974, -0.00174788, 0.0678755, 0.011445, 0.997628, -0.340739, 3.08217, -0.0147532)
surface_material_override/0 = ExtResource("5_3f2od")

[node name="Cube_002" parent="Cylinder_002" index="4"]
surface_material_override/0 = ExtResource("5_3f2od")

[node name="Cube_003" parent="Cylinder_002" index="5"]
transform = Transform3D(0.999193, 0.0398641, 0.00485167, -0.0385593, 0.986134, -0.161409, -0.0112188, 0.161092, 0.986876, -1.61293, 2.76175, 0.00130128)
surface_material_override/0 = ExtResource("4_qrkvl")

[node name="Cube_004" parent="Cylinder_002" index="6"]
surface_material_override/0 = ExtResource("4_qrkvl")

[node name="Cube_005" parent="Cylinder_002" index="7"]
transform = Transform3D(0.992055, -0.12467, 0.0168707, 0.125116, 0.963655, -0.23604, 0.0131696, 0.236275, 0.971597, -1.67863, 3.78079, 0.134465)
surface_material_override/0 = ExtResource("8_373w0")

[node name="Cube_006" parent="Cylinder_002" index="8"]
transform = Transform3D(0.887005, -0.0573517, 0.458183, -0.342957, 0.582592, 0.736863, -0.309194, -0.810739, 0.497094, -1.26696, 3.68665, 0.105479)
surface_material_override/0 = ExtResource("4_qrkvl")

[node name="Cube_007" parent="Cylinder_002" index="9"]
transform = Transform3D(1, 0, 0, 0, 1, 0, 0, 0, 1, -1.07263, 0.872825, 0.00130123)
visible = false

[node name="Cube_009" parent="Cylinder_002" index="10"]
transform = Transform3D(1.20875, 0.389595, 0.0061567, -0.38132, 1.18691, -0.24238, -0.0801081, 0.228842, 1.24664, -1.381, 2.90442, 1.35587)
surface_material_override/0 = ExtResource("5_3f2od")

[node name="Cube_010" parent="Cylinder_002" index="11"]
transform = Transform3D(1.01653, 0.407234, 0.0909242, -0.333723, 1.20629, 0.298518, 0.0143707, -0.793113, 0.500719, -1.60152, 3.25039, 0.972295)
visible = false
surface_material_override/0 = ExtResource("3_gw7ab")

[node name="Cylinder" parent="Cylinder_002" index="12"]
transform = Transform3D(0.996745, 0.0370237, 0.0716136, -0.0372495, 0.999304, 0.00181906, -0.0714965, -0.00448071, 0.997431, 1.81228, 2.52456, 0.00130103)
visible = false
surface_material_override/0 = ExtResource("3_gw7ab")

[node name="Cylinder_001" parent="Cylinder_002" index="13"]
transform = Transform3D(1, 0, 0, 0, 1, 0, 0, 0, 1, -1.66203, 1.77667, 0.196865)
visible = false

[node name="Cube_008" parent="." index="1"]
visible = false
